1.000000000 0.000000000 0.000000000 0.000000000 0.000000000 1.000000000 0.000000000 0.000000000 0.000000000 0.000000000 1.000000000 0.000000000
0.999999940 -0.000111781 -0.000247706 0.001062783 0.000111725 0.999999940 -0.000225518 0.000224937 0.000247731 0.000225490 0.999999940 -0.000848084
1.000000000 -0.000014382 0.000010658 -0.000051578 0.000014379 0.999999940 0.000334671 -0.000545688 -0.000010663 -0.000334671 0.999999940 0.000447342
0.999999881 0.000018047 -0.000452249 0.001791146 -0.000017811 0.999999881 0.000523469 -0.001278250 0.000452258 -0.000523461 0.999999762 0.000534423
1.000000000 -0.000109237 -0.000150177 0.001371338 0.000109223 1.000000000 -0.000094610 0.000523407 0.000150188 0.000094594 1.000000000 0.000694264
0.999999940 -0.000226741 -0.000282550 0.001633368 0.000226615 0.999999881 -0.000445647 0.001289025 0.000282651 0.000445583 0.999999881 -0.000141911
1.000000000 -0.000034788 -0.000191497 0.001164538 0.000034668 0.999999821 -0.000626945 0.002056151 0.000191519 0.000626938 0.999999762 -0.000185678
0.999999881 -0.000253420 -0.000420831 0.002573157 0.000253201 0.999999821 -0.000518879 0.001739581 0.000420963 0.000518773 0.999999762 -0.000405896
1.000000000 -0.000114796 0.000190848 -0.000752713 0.000114767 1.000000000 0.000149821 0.000057201 -0.000190866 -0.000149799 1.000000000 -0.000064894
1.000000000 -0.000176901 0.000129419 0.000346027 0.000176959 0.999999881 -0.000451325 0.001125441 -0.000129339 0.000451348 0.999999881 -0.000658311
0.999999881 -0.000453491 -0.000055187 0.000838034 0.000453433 0.999999344 -0.001034213 0.003059062 0.000055656 0.001034188 0.999999464 -0.000500346
0.999999940 -0.000335152 -0.000160698 0.001559026 0.000334936 0.999999046 -0.001342982 0.003481689 0.000161148 0.001342928 0.999999106 -0.001269223
0.999999881 -0.000457615 -0.000083346 0.000546556 0.000457552 0.999999583 -0.000757753 0.002155784 0.000083692 0.000757715 0.999999702 -0.000928964
0.999999881 -0.000444690 -0.000218021 0.001119819 0.000444577 0.999999762 -0.000520307 0.001434164 0.000218253 0.000520210 0.999999821 -0.000974890
0.999999881 -0.000356328 -0.000385975 0.001780196 0.000355906 0.999999344 -0.001093268 0.003369377 0.000386365 0.001093131 0.999999344 -0.001017723
0.999999702 -0.000323842 -0.000709271 0.002697410 0.000323159 0.999999464 -0.000962941 0.002514164 0.000709582 0.000962712 0.999999285 -0.001451490
0.999999940 -0.000254043 -0.000302704 0.001734492 0.000253862 0.999999762 -0.000597469 0.001415416 0.000302856 0.000597392 0.999999762 -0.001124714
0.999999881 -0.000361575 -0.000395069 0.001542481 0.000361284 0.999999642 -0.000736479 0.001783420 0.000395335 0.000736336 0.999999642 -0.001194706
0.999999940 -0.000184161 -0.000310324 0.001710813 0.000183827 0.999999404 -0.001074576 0.002583844 0.000310522 0.001074519 0.999999404 -0.001142335
0.999999821 -0.000329966 -0.000545345 0.002282665 0.000329708 0.999999821 -0.000473275 0.001351162 0.000545501 0.000473095 0.999999762 -0.000534594
1.000000000 -0.000131720 0.000135453 -0.000534427 0.000131700 1.000000000 0.000146679 -0.000074379 -0.000135472 -0.000146661 1.000000000 -0.000087206
0.999999940 -0.000131649 0.000223911 -0.000975992 0.000131694 1.000000000 -0.000200457 0.000758704 -0.000223884 0.000200487 0.999999940 -0.000534813
1.000000000 -0.000043808 0.000024830 -0.000570755 0.000043805 1.000000000 0.000096172 -0.000262459 -0.000024834 -0.000096171 1.000000000 -0.000910951
1.000000000 0.000010639 0.000134891 -0.000723149 -0.000010632 1.000000000 -0.000054686 0.000218641 -0.000134891 0.000054684 1.000000000 -0.000255018
1.000000000 -0.000089823 -0.000140442 0.000645195 0.000089816 1.000000000 -0.000049815 0.000257063 0.000140446 0.000049803 1.000000000 -0.000404867
1.000000000 -0.000237906 -0.000000519 -0.000208236 0.000237906 0.999999940 -0.000224074 0.000844457 0.000000572 0.000224074 1.000000000 -0.000353929
1.000000000 -0.000014929 -0.000054172 -0.000074896 0.000014932 1.000000000 0.000052033 0.000383655 0.000054172 -0.000052033 1.000000000 -0.000084224
1.000000000 -0.000170559 -0.000138551 -0.000012402 0.000170583 0.999999940 0.000177985 -0.000450923 0.000138521 -0.000178008 1.000000000 -0.000423240
0.999999940 -0.000124397 -0.000244594 0.000717453 0.000124445 1.000000000 0.000196880 -0.000202638 0.000244569 -0.000196911 0.999999940 -0.000566927
1.000000000 0.000073723 0.000107888 -0.005527644 -0.000073613 0.999999464 -0.001019344 0.002901903 -0.000107964 0.001019336 0.999999464 0.000803765
0.999999404 0.000070666 -0.001115157 -0.000564089 -0.000071335 0.999999821 -0.000599289 0.000259134 0.001115115 0.000599368 0.999999225 -0.000210953
0.999999046 -0.001187172 0.000692531 0.018194843 0.001187376 0.999999225 -0.000294502 0.001716425 -0.000692181 0.000295324 0.999999702 -0.000264705
0.999998271 -0.000271181 0.001833101 0.026674282 0.000279653 0.999989271 -0.004623184 0.000739766 -0.001831828 0.004623689 0.999987662 -0.005707856
0.999998093 0.000232254 0.001937711 0.043748971 -0.000227484 0.999996960 -0.002461585 -0.003136058 -0.001938277 0.002461140 0.999995112 -0.007884636
0.999992847 -0.002841874 0.002497837 0.039819643 0.002847711 0.999993205 -0.002336496 -0.001987821 -0.002491180 0.002343593 0.999994159 -0.005920985
0.999998927 -0.001447420 0.000116925 0.020713182 0.001447522 0.999998569 -0.000881299 0.003841858 -0.000115650 0.000881468 0.999999583 0.002471468
0.999999821 -0.000418817 -0.000456110 -0.009369041 0.000417610 0.999996424 -0.002642534 0.003581123 0.000457215 0.002642344 0.999996424 0.004387815
0.999993920 0.001130499 -0.003291280 -0.043014959 -0.001146520 0.999987483 -0.004869940 0.005996877 0.003285734 0.004873684 0.999982715 0.011778991
0.999963105 0.001433703 -0.008471082 -0.085873947 -0.001525540 0.999940038 -0.010844699 0.005372466 0.008455026 0.010857223 0.999905288 0.019924268
0.999895215 -0.001338662 -0.014415791 -0.120461904 0.001295300 0.999994636 -0.003016823 -0.010243610 0.014419752 0.002997834 0.999891520 0.033026695
0.999815404 -0.002250567 -0.019081086 -0.158138990 0.002182699 0.999991238 -0.003576913 0.006643414 0.019088969 0.003534605 0.999811530 0.037111934
0.999718845 -0.001896445 -0.023636265 -0.203883380 0.001846753 0.999996066 -0.002124015 0.013459282 0.023640199 0.002079767 0.999718368 0.044824388
0.999633968 -0.002198104 -0.026965454 -0.238608286 0.002178358 0.999997318 -0.000761618 0.005108780 0.026967058 0.000702599 0.999636054 0.052823141
0.999434054 -0.002591110 -0.033539284 -0.285719067 0.002535373 0.999995351 -0.001704272 0.008262550 0.033543546 0.001618273 0.999435961 0.054848857
0.998506546 -0.007031368 -0.054177623 -0.386942506 0.006869968 0.999971390 -0.003164749 0.016357470 0.054198325 0.002787824 0.998526275 0.065163426
0.997439265 -0.005759964 -0.071286596 -0.474386513 0.005410207 0.999972343 -0.005098458 0.025212184 0.071313992 0.004699728 0.997442842 0.101723298
0.995605290 -0.010176007 -0.093094252 -0.547223449 0.010078230 0.999948084 -0.001520384 0.025743015 0.093104891 0.000575477 0.995656133 0.145248070
0.993426859 -0.012871391 -0.113742858 -0.614405692 0.012942852 0.999916255 -0.000110219 0.026269302 0.113734744 -0.001362662 0.993510246 0.168537259
0.990757346 -0.017561210 -0.134504557 -0.667644143 0.016789244 0.999835432 -0.006871539 0.039542433 0.134603098 0.004549798 0.990889132 0.169384792
0.987288594 -0.020369207 -0.157627091 -0.799176276 0.020448977 0.999790251 -0.001115886 0.018671278 0.157616764 -0.002121611 0.987498105 0.149827078
0.983354151 -0.022901611 -0.180250287 -0.852734983 0.023251992 0.999729633 -0.000169084 0.020547459 0.180205420 -0.004024908 0.983620763 0.170388564
0.979419589 -0.030815266 -0.199468359 -0.957255363 0.031190792 0.999512672 -0.001260224 0.024189983 0.199409992 -0.004987288 0.979903460 0.150269344
0.975897908 -0.033054810 -0.215709642 -1.006932020 0.033962481 0.999422967 0.000501497 0.022639867 0.215568602 -0.007815444 0.976457417 0.165090680
0.973548770 -0.032135993 -0.226207957 -1.046057343 0.032710578 0.999464154 -0.001208746 0.022027086 0.226125583 -0.006222619 0.974078298 0.163970992
0.970968604 -0.029205333 -0.237417504 -1.071862221 0.027299941 0.999563277 -0.011310012 0.024006194 0.237644136 0.004500183 0.971341848 0.169179156
0.967602372 -0.027535530 -0.250972927 -1.124274373 0.026908968 0.999620318 -0.005928498 0.022482160 0.251040906 -0.001016993 0.967975974 0.162888065
0.965165496 -0.026383068 -0.260306567 -1.152637243 0.025372682 0.999651849 -0.007241635 0.022405000 0.260406971 0.000384701 0.965498865 0.162919044
0.963029444 -0.025178958 -0.268216997 -1.184985638 0.024110647 0.999682784 -0.007276604 0.024166262 0.268315136 0.000540698 0.963331044 0.155615330
0.958989620 -0.026406860 -0.282208353 -1.214522004 0.024935348 0.999650300 -0.008805140 0.018593511 0.282342196 0.001407075 0.959312737 0.153001949
0.957192242 -0.030239686 -0.287869096 -1.228488207 0.029580804 0.999540329 -0.006639377 0.003188455 0.287937552 -0.002160239 0.957646728 0.155051753
0.955127597 -0.030077836 -0.294663578 -1.272965074 0.029390421 0.999545157 -0.006762129 0.004494546 0.294732928 -0.002201590 0.955577135 0.153649360
0.953540623 -0.029398913 -0.299826533 -1.330847979 0.029770793 0.999551237 -0.003328785 0.009088201 0.299789846 -0.005751941 0.953987956 0.137330279
0.952823699 -0.030513193 -0.301986665 -1.341967225 0.030427547 0.999524534 -0.004988956 0.005126680 0.301995307 -0.004435117 0.953299105 0.146720588
0.953221083 -0.028782127 -0.300900489 -1.336426020 0.028790273 0.999575734 -0.004408173 0.003623136 0.300899714 -0.004461043 0.953645349 0.152100533
0.954862416 -0.029137487 -0.295615911 -1.319181919 0.029178811 0.999565065 -0.004272656 0.013397907 0.295611858 -0.004545921 0.955297351 0.165518403
0.955038428 -0.028351711 -0.295123398 -1.324823380 0.028066643 0.999592543 -0.005202693 0.016080629 0.295150638 -0.003314351 0.955444992 0.167649895
0.954956293 -0.028798440 -0.295345694 -1.324793220 0.028777556 0.999576092 -0.004418290 0.014597937 0.295347720 -0.004280054 0.955380261 0.176263019
0.955594003 -0.027634233 -0.293387979 -1.315598845 0.025574526 0.999614000 -0.010854918 0.009326152 0.293574691 0.002869637 0.955931842 0.187524512
0.956339359 -0.029440528 -0.290771961 -1.289706945 0.027107149 0.999559879 -0.012050469 0.021421341 0.290998757 0.003642340 0.956716478 0.201759011
0.958050787 -0.028697336 -0.285158038 -1.274577498 0.028546691 0.999581456 -0.004685631 0.015960500 0.285173148 -0.003651245 0.958469033 0.203696474
0.960178733 -0.026217876 -0.278153688 -1.249227047 0.027501009 0.999621511 0.000711584 0.001416991 0.278029770 -0.008332754 0.960536301 0.214228675
0.962813199 -0.027533859 -0.268761396 -1.154249430 0.026655726 0.999620736 -0.006916671 0.029256193 0.268849909 -0.000504567 0.963181973 0.264196873
0.968576074 -0.030949358 -0.246784374 -1.105690479 0.028998116 0.999512851 -0.011538014 0.056725122 0.247021243 0.004019164 0.969001710 0.284249604
0.974241197 -0.028959375 -0.223641247 -1.049497366 0.025914781 0.999527335 -0.016537383 0.079901867 0.224014461 0.010315787 0.974531233 0.314534366
0.978845000 -0.031570949 -0.202152863 -0.969363928 0.028065167 0.999402285 -0.020185854 0.084007338 0.202669308 0.014085369 0.979145944 0.321590066
0.983758509 -0.026750769 -0.177492455 -0.883174479 0.024736039 0.999602139 -0.013554592 0.071532667 0.177784428 0.008943985 0.984028816 0.338389933
0.987521172 -0.023431368 -0.155733585 -0.699539423 0.019778481 0.999492645 -0.024964510 0.071813509 0.156239524 0.021572808 0.987483561 0.418287337
0.989840686 -0.024115250 -0.140120745 -0.582539260 0.018969242 0.999099731 -0.037945941 0.128522858 0.140909672 0.034902453 0.989407063 0.436352044
0.989686072 -0.024463275 -0.141149059 -0.421828717 0.019528138 0.999152124 -0.036244016 0.124109730 0.141916037 0.033113819 0.989324689 0.475271255
0.989645660 -0.023946919 -0.141520172 -0.259019166 0.018817935 0.999120533 -0.037470080 0.138729215 0.142293006 0.034418985 0.989225984 0.522828281
0.991645873 -0.022941710 -0.126933828 -0.184122756 0.018233860 0.999106526 -0.038127594 0.151924178 0.127695113 0.035494577 0.991178155 0.502811968
0.992706954 -0.019817105 -0.118912376 -0.125163808 0.015904015 0.999303222 -0.033766624 0.176310390 0.119498678 0.031629179 0.992330432 0.493939519
0.993245840 -0.019365607 -0.114401385 -0.127664521 0.016183943 0.999457777 -0.028675120 0.156107202 0.114894666 0.026629979 0.993020654 0.489510685
0.993259966 -0.020070741 -0.114156872 -0.130696997 0.017402280 0.999552667 -0.024324186 0.136929631 0.114594005 0.022173651 0.993164897 0.498987138
0.993397176 -0.023034537 -0.112389728 -0.113865919 0.019155746 0.999187112 -0.035470739 0.140556067 0.113115422 0.033083621 0.993030906 0.499081522
0.993387043 -0.022770515 -0.112533286 -0.105182521 0.018688502 0.999133170 -0.037196662 0.136654511 0.113282725 0.034847606 0.992951512 0.505956829
0.993324637 -0.021217518 -0.113384359 -0.127471939 0.017291505 0.999220133 -0.035497777 0.139696613 0.114049114 0.033300232 0.992916882 0.519258142
0.993254125 -0.021409964 -0.113964349 -0.128510952 0.017589729 0.999252558 -0.034422088 0.141592294 0.114616148 0.032185279 0.992888331 0.530255318
0.993328035 -0.021231188 -0.113351919 -0.131325379 0.017315606 0.999222577 -0.035417184 0.144545257 0.114015751 0.033218123 0.992923439 0.534343183
0.993294775 -0.021208173 -0.113647513 -0.131450385 0.017323622 0.999235034 -0.035060059 0.143599615 0.114304133 0.032856185 0.992902339 0.540690362
0.993361294 -0.021012554 -0.113100678 -0.134394988 0.017091861 0.999222636 -0.035524331 0.144695669 0.113759220 0.033355396 0.992948294 0.545217991
0.993251920 -0.020746890 -0.114105798 -0.132141367 0.017027214 0.999294400 -0.033477157 0.141186744 0.114719838 0.031308349 0.992904425 0.552800536
0.993235469 -0.021983810 -0.114017390 -0.131308630 0.018015960 0.999199629 -0.035714921 0.138383940 0.114711285 0.033419192 0.992836595 0.563258410
0.993386984 -0.023443578 -0.112395339 -0.123725876 0.019138658 0.999046922 -0.039228860 0.131377622 0.113207884 0.036818340 0.992888927 0.565091252
0.994016349 -0.021502957 -0.107094221 -0.101299286 0.017529285 0.999127448 -0.037908662 0.134413064 0.107815929 0.035804544 0.993525922 0.573986411
0.994058907 -0.020268518 -0.106939405 -0.100455314 0.016550107 0.999231040 -0.035544917 0.139229506 0.107577614 0.033563882 0.993629992 0.582938552
0.994086504 -0.019656288 -0.106797501 -0.100411087 0.016200449 0.999319732 -0.033130631 0.138610348 0.107376069 0.031204544 0.993728638 0.588405907
0.993505180 -0.019290356 -0.112139806 -0.125636533 0.015708491 0.999340534 -0.032737419 0.148624197 0.112697370 0.030763250 0.993153036 0.598169088
0.992384017 -0.017195946 -0.121976405 -0.184937105 0.010532958 0.998427451 -0.055061188 0.137833968 0.122731417 0.053357068 0.991004527 0.604524791
0.991810203 -0.013588218 -0.126995385 -0.207194120 0.006793231 0.998529375 -0.053786516 0.162020579 0.127539471 0.052483305 0.990443945 0.608134687
0.990752101 -0.011640994 -0.135184169 -0.244627565 0.006367807 0.999204218 -0.039374527 0.164676666 0.135534957 0.038149569 0.990037799 0.630729258
0.989532053 -0.010663603 -0.143918723 -0.274697453 0.006404995 0.999528766 -0.030021312 0.181042507 0.144171029 0.028785253 0.989134014 0.654563606
0.988280594 -0.014086690 -0.151996866 -0.306839049 0.009861390 0.999544680 -0.028516738 0.181100503 0.152329355 0.026683638 0.987969518 0.652528226
0.985737324 -0.024963297 -0.166429490 -0.391496211 0.018046141 0.998914421 -0.042945772 0.160724729 0.167320892 0.039329842 0.985117674 0.646126449
0.982837200 -0.022784201 -0.183062658 -0.463821083 0.014311955 0.998770177 -0.047469310 0.160315782 0.183919072 0.044034619 0.981954575 0.667827666
0.978428900 -0.026990984 -0.204813153 -0.527397275 0.017343899 0.998660326 -0.048752006 0.169406980 0.205854639 0.044148114 0.977586210 0.674759865
0.973334908 -0.034130137 -0.226835325 -0.576640606 0.023235582 0.998452365 -0.050527014 0.171836361 0.228208765 0.043909058 0.972621560 0.676307380
0.967808545 -0.026190247 -0.250321269 -0.714428186 0.024635961 0.999652863 -0.009341043 0.169783935 0.250479013 0.002873437 0.968117774 0.667292953
0.960419834 -0.026694555 -0.277274400 -0.781398654 0.027253488 0.999626875 -0.001838628 0.146552071 0.277220011 -0.005790840 0.960789025 0.683355331
0.952361166 -0.030132674 -0.303480119 -0.834345579 0.027529111 0.999538362 -0.012854567 0.131986320 0.303727359 0.003887653 0.952751040 0.662227213
0.944952965 -0.039632365 -0.324797153 -0.884915113 0.029126227 0.998885274 -0.037147094 0.123594709 0.325907320 0.025642142 0.945053935 0.625094652
0.936362267 -0.044768240 -0.348168820 -0.986507118 0.034042574 0.998740196 -0.036866192 0.119679324 0.349380642 0.022667548 0.936706662 0.590046823
0.931127250 -0.047149308 -0.361633748 -1.048264027 0.038553227 0.998777032 -0.030953102 0.118967794 0.362650901 0.014879130 0.931806266 0.568711817
0.917425036 -0.026893748 -0.396998823 -1.113692641 0.022639908 0.999625087 -0.015398653 0.129769117 0.397264093 0.005139092 0.917689919 0.470622122
0.908052444 -0.021209106 -0.418319196 -1.161396146 0.024538903 0.999695539 0.002581672 0.133116722 0.418137074 -0.012609387 0.908296406 0.426977307
0.890221238 -0.029754037 -0.454555631 -1.176954627 0.038138691 0.999229312 0.009285480 0.165458322 0.453929037 -0.025602289 0.890669942 0.353243977
0.890221238 -0.029754037 -0.454555631 -1.176954627 0.038138691 0.999229312 0.009285480 0.165458322 0.453929037 -0.025602289 0.890669942 0.353243977
0.890221238 -0.029754037 -0.454555631 -1.176954627 0.038138691 0.999229312 0.009285480 0.165458322 0.453929037 -0.025602289 0.890669942 0.353243977
0.890221238 -0.029754037 -0.454555631 -1.176954627 0.038138691 0.999229312 0.009285480 0.165458322 0.453929037 -0.025602289 0.890669942 0.353243977
0.890221238 -0.029754037 -0.454555631 -1.176954627 0.038138691 0.999229312 0.009285480 0.165458322 0.453929037 -0.025602289 0.890669942 0.353243977
0.890221238 -0.029754037 -0.454555631 -1.176954627 0.038138691 0.999229312 0.009285480 0.165458322 0.453929037 -0.025602289 0.890669942 0.353243977
0.890221238 -0.029754037 -0.454555631 -1.176954627 0.038138691 0.999229312 0.009285480 0.165458322 0.453929037 -0.025602289 0.890669942 0.353243977
0.890221238 -0.029754037 -0.454555631 -1.176954627 0.038138691 0.999229312 0.009285480 0.165458322 0.453929037 -0.025602289 0.890669942 0.353243977
0.890221238 -0.029754037 -0.454555631 -1.176954627 0.038138691 0.999229312 0.009285480 0.165458322 0.453929037 -0.025602289 0.890669942 0.353243977
0.890221238 -0.029754037 -0.454555631 -1.176954627 0.038138691 0.999229312 0.009285480 0.165458322 0.453929037 -0.025602289 0.890669942 0.353243977
0.890221238 -0.029754037 -0.454555631 -1.176954627 0.038138691 0.999229312 0.009285480 0.165458322 0.453929037 -0.025602289 0.890669942 0.353243977
0.890221238 -0.029754037 -0.454555631 -1.176954627 0.038138691 0.999229312 0.009285480 0.165458322 0.453929037 -0.025602289 0.890669942 0.353243977
0.890221238 -0.029754037 -0.454555631 -1.176954627 0.038138691 0.999229312 0.009285480 0.165458322 0.453929037 -0.025602289 0.890669942 0.353243977
0.890221238 -0.029754037 -0.454555631 -1.176954627 0.038138691 0.999229312 0.009285480 0.165458322 0.453929037 -0.025602289 0.890669942 0.353243977
0.890221238 -0.029754037 -0.454555631 -1.176954627 0.038138691 0.999229312 0.009285480 0.165458322 0.453929037 -0.025602289 0.890669942 0.353243977
0.890221238 -0.029754037 -0.454555631 -1.176954627 0.038138691 0.999229312 0.009285480 0.165458322 0.453929037 -0.025602289 0.890669942 0.353243977
0.890221238 -0.029754037 -0.454555631 -1.176954627 0.038138691 0.999229312 0.009285480 0.165458322 0.453929037 -0.025602289 0.890669942 0.353243977
0.890221238 -0.029754037 -0.454555631 -1.176954627 0.038138691 0.999229312 0.009285480 0.165458322 0.453929037 -0.025602289 0.890669942 0.353243977
0.890221238 -0.029754037 -0.454555631 -1.176954627 0.038138691 0.999229312 0.009285480 0.165458322 0.453929037 -0.025602289 0.890669942 0.353243977
0.890221238 -0.029754037 -0.454555631 -1.176954627 0.038138691 0.999229312 0.009285480 0.165458322 0.453929037 -0.025602289 0.890669942 0.353243977
0.890221238 -0.029754037 -0.454555631 -1.176954627 0.038138691 0.999229312 0.009285480 0.165458322 0.453929037 -0.025602289 0.890669942 0.353243977
0.890221238 -0.029754037 -0.454555631 -1.176954627 0.038138691 0.999229312 0.009285480 0.165458322 0.453929037 -0.025602289 0.890669942 0.353243977
0.890221238 -0.029754037 -0.454555631 -1.176954627 0.038138691 0.999229312 0.009285480 0.165458322 0.453929037 -0.025602289 0.890669942 0.353243977
0.890221238 -0.029754037 -0.454555631 -1.176954627 0.038138691 0.999229312 0.009285480 0.165458322 0.453929037 -0.025602289 0.890669942 0.353243977
0.890221238 -0.029754037 -0.454555631 -1.176954627 0.038138691 0.999229312 0.009285480 0.165458322 0.453929037 -0.025602289 0.890669942 0.353243977
0.890221238 -0.029754037 -0.454555631 -1.176954627 0.038138691 0.999229312 0.009285480 0.165458322 0.453929037 -0.025602289 0.890669942 0.353243977
0.890221238 -0.029754037 -0.454555631 -1.176954627 0.038138691 0.999229312 0.009285480 0.165458322 0.453929037 -0.025602289 0.890669942 0.353243977
0.890221238 -0.029754037 -0.454555631 -1.176954627 0.038138691 0.999229312 0.009285480 0.165458322 0.453929037 -0.025602289 0.890669942 0.353243977
0.890221238 -0.029754037 -0.454555631 -1.176954627 0.038138691 0.999229312 0.009285480 0.165458322 0.453929037 -0.025602289 0.890669942 0.353243977
0.890221238 -0.029754037 -0.454555631 -1.176954627 0.038138691 0.999229312 0.009285480 0.165458322 0.453929037 -0.025602289 0.890669942 0.353243977
0.890221238 -0.029754037 -0.454555631 -1.176954627 0.038138691 0.999229312 0.009285480 0.165458322 0.453929037 -0.025602289 0.890669942 0.353243977
0.890221238 -0.029754037 -0.454555631 -1.176954627 0.038138691 0.999229312 0.009285480 0.165458322 0.453929037 -0.025602289 0.890669942 0.353243977
0.890221238 -0.029754037 -0.454555631 -1.176954627 0.038138691 0.999229312 0.009285480 0.165458322 0.453929037 -0.025602289 0.890669942 0.353243977
0.890221238 -0.029754037 -0.454555631 -1.176954627 0.038138691 0.999229312 0.009285480 0.165458322 0.453929037 -0.025602289 0.890669942 0.353243977
0.890221238 -0.029754037 -0.454555631 -1.176954627 0.038138691 0.999229312 0.009285480 0.165458322 0.453929037 -0.025602289 0.890669942 0.353243977
0.890221238 -0.029754037 -0.454555631 -1.176954627 0.038138691 0.999229312 0.009285480 0.165458322 0.453929037 -0.025602289 0.890669942 0.353243977
0.890221238 -0.029754037 -0.454555631 -1.176954627 0.038138691 0.999229312 0.009285480 0.165458322 0.453929037 -0.025602289 0.890669942 0.353243977
0.890221238 -0.029754037 -0.454555631 -1.176954627 0.038138691 0.999229312 0.009285480 0.165458322 0.453929037 -0.025602289 0.890669942 0.353243977
0.890221238 -0.029754037 -0.454555631 -1.176954627 0.038138691 0.999229312 0.009285480 0.165458322 0.453929037 -0.025602289 0.890669942 0.353243977
0.890221238 -0.029754037 -0.454555631 -1.176954627 0.038138691 0.999229312 0.009285480 0.165458322 0.453929037 -0.025602289 0.890669942 0.353243977
0.890221238 -0.029754037 -0.454555631 -1.176954627 0.038138691 0.999229312 0.009285480 0.165458322 0.453929037 -0.025602289 0.890669942 0.353243977
0.890221238 -0.029754037 -0.454555631 -1.176954627 0.038138691 0.999229312 0.009285480 0.165458322 0.453929037 -0.025602289 0.890669942 0.353243977
0.890221238 -0.029754037 -0.454555631 -1.176954627 0.038138691 0.999229312 0.009285480 0.165458322 0.453929037 -0.025602289 0.890669942 0.353243977
0.890221238 -0.029754037 -0.454555631 -1.176954627 0.038138691 0.999229312 0.009285480 0.165458322 0.453929037 -0.025602289 0.890669942 0.353243977
0.890221238 -0.029754037 -0.454555631 -1.176954627 0.038138691 0.999229312 0.009285480 0.165458322 0.453929037 -0.025602289 0.890669942 0.353243977
0.890221238 -0.029754037 -0.454555631 -1.176954627 0.038138691 0.999229312 0.009285480 0.165458322 0.453929037 -0.025602289 0.890669942 0.353243977
0.890221238 -0.029754037 -0.454555631 -1.176954627 0.038138691 0.999229312 0.009285480 0.165458322 0.453929037 -0.025602289 0.890669942 0.353243977
0.890221238 -0.029754037 -0.454555631 -1.176954627 0.038138691 0.999229312 0.009285480 0.165458322 0.453929037 -0.025602289 0.890669942 0.353243977
0.890221238 -0.029754037 -0.454555631 -1.176954627 0.038138691 0.999229312 0.009285480 0.165458322 0.453929037 -0.025602289 0.890669942 0.353243977
0.890221238 -0.029754037 -0.454555631 -1.176954627 0.038138691 0.999229312 0.009285480 0.165458322 0.453929037 -0.025602289 0.890669942 0.353243977
0.890221238 -0.029754037 -0.454555631 -1.176954627 0.038138691 0.999229312 0.009285480 0.165458322 0.453929037 -0.025602289 0.890669942 0.353243977
0.890221238 -0.029754037 -0.454555631 -1.176954627 0.038138691 0.999229312 0.009285480 0.165458322 0.453929037 -0.025602289 0.890669942 0.353243977
0.890221238 -0.029754037 -0.454555631 -1.176954627 0.038138691 0.999229312 0.009285480 0.165458322 0.453929037 -0.025602289 0.890669942 0.353243977
0.890221238 -0.029754037 -0.454555631 -1.176954627 0.038138691 0.999229312 0.009285480 0.165458322 0.453929037 -0.025602289 0.890669942 0.353243977
0.890221238 -0.029754037 -0.454555631 -1.176954627 0.038138691 0.999229312 0.009285480 0.165458322 0.453929037 -0.025602289 0.890669942 0.353243977
0.890221238 -0.029754037 -0.454555631 -1.176954627 0.038138691 0.999229312 0.009285480 0.165458322 0.453929037 -0.025602289 0.890669942 0.353243977
0.890221238 -0.029754037 -0.454555631 -1.176954627 0.038138691 0.999229312 0.009285480 0.165458322 0.453929037 -0.025602289 0.890669942 0.353243977
0.890221238 -0.029754037 -0.454555631 -1.176954627 0.038138691 0.999229312 0.009285480 0.165458322 0.453929037 -0.025602289 0.890669942 0.353243977
0.913643479 -0.038265157 -0.404711425 -1.546521783 0.021228619 0.998692632 -0.046501640 0.121732578 0.405961692 0.033894457 0.913261354 0.668380499
0.915445566 -0.031160157 -0.401233643 -1.428990483 0.019728521 0.999274015 -0.032592352 0.091120109 0.401957929 0.021920778 0.915395737 0.747110307
0.915445566 -0.031160157 -0.401233643 -1.428990483 0.019728521 0.999274015 -0.032592352 0.091120109 0.401957929 0.021920778 0.915395737 0.747110307
0.915445566 -0.031160157 -0.401233643 -1.428990483 0.019728521 0.999274015 -0.032592352 0.091120109 0.401957929 0.021920778 0.915395737 0.747110307
0.915445566 -0.031160157 -0.401233643 -1.428990483 0.019728521 0.999274015 -0.032592352 0.091120109 0.401957929 0.021920778 0.915395737 0.747110307
0.915445566 -0.031160157 -0.401233643 -1.428990483 0.019728521 0.999274015 -0.032592352 0.091120109 0.401957929 0.021920778 0.915395737 0.747110307
0.915445566 -0.031160157 -0.401233643 -1.428990483 0.019728521 0.999274015 -0.032592352 0.091120109 0.401957929 0.021920778 0.915395737 0.747110307
0.915445566 -0.031160157 -0.401233643 -1.428990483 0.019728521 0.999274015 -0.032592352 0.091120109 0.401957929 0.021920778 0.915395737 0.747110307
0.915445566 -0.031160157 -0.401233643 -1.428990483 0.019728521 0.999274015 -0.032592352 0.091120109 0.401957929 0.021920778 0.915395737 0.747110307
0.915445566 -0.031160157 -0.401233643 -1.428990483 0.019728521 0.999274015 -0.032592352 0.091120109 0.401957929 0.021920778 0.915395737 0.747110307
0.915445566 -0.031160157 -0.401233643 -1.428990483 0.019728521 0.999274015 -0.032592352 0.091120109 0.401957929 0.021920778 0.915395737 0.747110307
0.915445566 -0.031160157 -0.401233643 -1.428990483 0.019728521 0.999274015 -0.032592352 0.091120109 0.401957929 0.021920778 0.915395737 0.747110307
0.915445566 -0.031160157 -0.401233643 -1.428990483 0.019728521 0.999274015 -0.032592352 0.091120109 0.401957929 0.021920778 0.915395737 0.747110307
0.915445566 -0.031160157 -0.401233643 -1.428990483 0.019728521 0.999274015 -0.032592352 0.091120109 0.401957929 0.021920778 0.915395737 0.747110307
0.915445566 -0.031160157 -0.401233643 -1.428990483 0.019728521 0.999274015 -0.032592352 0.091120109 0.401957929 0.021920778 0.915395737 0.747110307
0.915445566 -0.031160157 -0.401233643 -1.428990483 0.019728521 0.999274015 -0.032592352 0.091120109 0.401957929 0.021920778 0.915395737 0.747110307
0.915445566 -0.031160157 -0.401233643 -1.428990483 0.019728521 0.999274015 -0.032592352 0.091120109 0.401957929 0.021920778 0.915395737 0.747110307
0.915445566 -0.031160157 -0.401233643 -1.428990483 0.019728521 0.999274015 -0.032592352 0.091120109 0.401957929 0.021920778 0.915395737 0.747110307
0.915445566 -0.031160157 -0.401233643 -1.428990483 0.019728521 0.999274015 -0.032592352 0.091120109 0.401957929 0.021920778 0.915395737 0.747110307
0.915445566 -0.031160157 -0.401233643 -1.428990483 0.019728521 0.999274015 -0.032592352 0.091120109 0.401957929 0.021920778 0.915395737 0.747110307
0.915445566 -0.031160157 -0.401233643 -1.428990483 0.019728521 0.999274015 -0.032592352 0.091120109 0.401957929 0.021920778 0.915395737 0.747110307
0.915445566 -0.031160157 -0.401233643 -1.428990483 0.019728521 0.999274015 -0.032592352 0.091120109 0.401957929 0.021920778 0.915395737 0.747110307
0.915445566 -0.031160157 -0.401233643 -1.428990483 0.019728521 0.999274015 -0.032592352 0.091120109 0.401957929 0.021920778 0.915395737 0.747110307
0.915445566 -0.031160157 -0.401233643 -1.428990483 0.019728521 0.999274015 -0.032592352 0.091120109 0.401957929 0.021920778 0.915395737 0.747110307
0.915445566 -0.031160157 -0.401233643 -1.428990483 0.019728521 0.999274015 -0.032592352 0.091120109 0.401957929 0.021920778 0.915395737 0.747110307
0.915445566 -0.031160157 -0.401233643 -1.428990483 0.019728521 0.999274015 -0.032592352 0.091120109 0.401957929 0.021920778 0.915395737 0.747110307
0.915445566 -0.031160157 -0.401233643 -1.428990483 0.019728521 0.999274015 -0.032592352 0.091120109 0.401957929 0.021920778 0.915395737 0.747110307
0.915445566 -0.031160157 -0.401233643 -1.428990483 0.019728521 0.999274015 -0.032592352 0.091120109 0.401957929 0.021920778 0.915395737 0.747110307
0.915445566 -0.031160157 -0.401233643 -1.428990483 0.019728521 0.999274015 -0.032592352 0.091120109 0.401957929 0.021920778 0.915395737 0.747110307
0.915445566 -0.031160157 -0.401233643 -1.428990483 0.019728521 0.999274015 -0.032592352 0.091120109 0.401957929 0.021920778 0.915395737 0.747110307
0.915445566 -0.031160157 -0.401233643 -1.428990483 0.019728521 0.999274015 -0.032592352 0.091120109 0.401957929 0.021920778 0.915395737 0.747110307
0.915445566 -0.031160157 -0.401233643 -1.428990483 0.019728521 0.999274015 -0.032592352 0.091120109 0.401957929 0.021920778 0.915395737 0.747110307
0.915445566 -0.031160157 -0.401233643 -1.428990483 0.019728521 0.999274015 -0.032592352 0.091120109 0.401957929 0.021920778 0.915395737 0.747110307
0.915445566 -0.031160157 -0.401233643 -1.428990483 0.019728521 0.999274015 -0.032592352 0.091120109 0.401957929 0.021920778 0.915395737 0.747110307
0.915445566 -0.031160157 -0.401233643 -1.428990483 0.019728521 0.999274015 -0.032592352 0.091120109 0.401957929 0.021920778 0.915395737 0.747110307
0.915445566 -0.031160157 -0.401233643 -1.428990483 0.019728521 0.999274015 -0.032592352 0.091120109 0.401957929 0.021920778 0.915395737 0.747110307
0.915445566 -0.031160157 -0.401233643 -1.428990483 0.019728521 0.999274015 -0.032592352 0.091120109 0.401957929 0.021920778 0.915395737 0.747110307
0.915445566 -0.031160157 -0.401233643 -1.428990483 0.019728521 0.999274015 -0.032592352 0.091120109 0.401957929 0.021920778 0.915395737 0.747110307
0.915445566 -0.031160157 -0.401233643 -1.428990483 0.019728521 0.999274015 -0.032592352 0.091120109 0.401957929 0.021920778 0.915395737 0.747110307
0.915445566 -0.031160157 -0.401233643 -1.428990483 0.019728521 0.999274015 -0.032592352 0.091120109 0.401957929 0.021920778 0.915395737 0.747110307
0.915445566 -0.031160157 -0.401233643 -1.428990483 0.019728521 0.999274015 -0.032592352 0.091120109 0.401957929 0.021920778 0.915395737 0.747110307
0.915445566 -0.031160157 -0.401233643 -1.428990483 0.019728521 0.999274015 -0.032592352 0.091120109 0.401957929 0.021920778 0.915395737 0.747110307
0.915445566 -0.031160157 -0.401233643 -1.428990483 0.019728521 0.999274015 -0.032592352 0.091120109 0.401957929 0.021920778 0.915395737 0.747110307
0.915445566 -0.031160157 -0.401233643 -1.428990483 0.019728521 0.999274015 -0.032592352 0.091120109 0.401957929 0.021920778 0.915395737 0.747110307
0.915445566 -0.031160157 -0.401233643 -1.428990483 0.019728521 0.999274015 -0.032592352 0.091120109 0.401957929 0.021920778 0.915395737 0.747110307
0.915445566 -0.031160157 -0.401233643 -1.428990483 0.019728521 0.999274015 -0.032592352 0.091120109 0.401957929 0.021920778 0.915395737 0.747110307
0.915445566 -0.031160157 -0.401233643 -1.428990483 0.019728521 0.999274015 -0.032592352 0.091120109 0.401957929 0.021920778 0.915395737 0.747110307
0.915445566 -0.031160157 -0.401233643 -1.428990483 0.019728521 0.999274015 -0.032592352 0.091120109 0.401957929 0.021920778 0.915395737 0.747110307
0.915445566 -0.031160157 -0.401233643 -1.428990483 0.019728521 0.999274015 -0.032592352 0.091120109 0.401957929 0.021920778 0.915395737 0.747110307
0.915445566 -0.031160157 -0.401233643 -1.428990483 0.019728521 0.999274015 -0.032592352 0.091120109 0.401957929 0.021920778 0.915395737 0.747110307
0.915445566 -0.031160157 -0.401233643 -1.428990483 0.019728521 0.999274015 -0.032592352 0.091120109 0.401957929 0.021920778 0.915395737 0.747110307
0.915445566 -0.031160157 -0.401233643 -1.428990483 0.019728521 0.999274015 -0.032592352 0.091120109 0.401957929 0.021920778 0.915395737 0.747110307
0.915445566 -0.031160157 -0.401233643 -1.428990483 0.019728521 0.999274015 -0.032592352 0.091120109 0.401957929 0.021920778 0.915395737 0.747110307
0.915445566 -0.031160157 -0.401233643 -1.428990483 0.019728521 0.999274015 -0.032592352 0.091120109 0.401957929 0.021920778 0.915395737 0.747110307
0.915445566 -0.031160157 -0.401233643 -1.428990483 0.019728521 0.999274015 -0.032592352 0.091120109 0.401957929 0.021920778 0.915395737 0.747110307
0.915445566 -0.031160157 -0.401233643 -1.428990483 0.019728521 0.999274015 -0.032592352 0.091120109 0.401957929 0.021920778 0.915395737 0.747110307
0.915445566 -0.031160157 -0.401233643 -1.428990483 0.019728521 0.999274015 -0.032592352 0.091120109 0.401957929 0.021920778 0.915395737 0.747110307
0.915445566 -0.031160157 -0.401233643 -1.428990483 0.019728521 0.999274015 -0.032592352 0.091120109 0.401957929 0.021920778 0.915395737 0.747110307
0.915445566 -0.031160157 -0.401233643 -1.428990483 0.019728521 0.999274015 -0.032592352 0.091120109 0.401957929 0.021920778 0.915395737 0.747110307
0.915445566 -0.031160157 -0.401233643 -1.428990483 0.019728521 0.999274015 -0.032592352 0.091120109 0.401957929 0.021920778 0.915395737 0.747110307
0.915445566 -0.031160157 -0.401233643 -1.428990483 0.019728521 0.999274015 -0.032592352 0.091120109 0.401957929 0.021920778 0.915395737 0.747110307
0.915445566 -0.031160157 -0.401233643 -1.428990483 0.019728521 0.999274015 -0.032592352 0.091120109 0.401957929 0.021920778 0.915395737 0.747110307
0.915445566 -0.031160157 -0.401233643 -1.428990483 0.019728521 0.999274015 -0.032592352 0.091120109 0.401957929 0.021920778 0.915395737 0.747110307
0.915445566 -0.031160157 -0.401233643 -1.428990483 0.019728521 0.999274015 -0.032592352 0.091120109 0.401957929 0.021920778 0.915395737 0.747110307
0.915445566 -0.031160157 -0.401233643 -1.428990483 0.019728521 0.999274015 -0.032592352 0.091120109 0.401957929 0.021920778 0.915395737 0.747110307
0.915445566 -0.031160157 -0.401233643 -1.428990483 0.019728521 0.999274015 -0.032592352 0.091120109 0.401957929 0.021920778 0.915395737 0.747110307
0.915445566 -0.031160157 -0.401233643 -1.428990483 0.019728521 0.999274015 -0.032592352 0.091120109 0.401957929 0.021920778 0.915395737 0.747110307
0.915445566 -0.031160157 -0.401233643 -1.428990483 0.019728521 0.999274015 -0.032592352 0.091120109 0.401957929 0.021920778 0.915395737 0.747110307
0.915445566 -0.031160157 -0.401233643 -1.428990483 0.019728521 0.999274015 -0.032592352 0.091120109 0.401957929 0.021920778 0.915395737 0.747110307
0.915445566 -0.031160157 -0.401233643 -1.428990483 0.019728521 0.999274015 -0.032592352 0.091120109 0.401957929 0.021920778 0.915395737 0.747110307
0.915445566 -0.031160157 -0.401233643 -1.428990483 0.019728521 0.999274015 -0.032592352 0.091120109 0.401957929 0.021920778 0.915395737 0.747110307
0.915445566 -0.031160157 -0.401233643 -1.428990483 0.019728521 0.999274015 -0.032592352 0.091120109 0.401957929 0.021920778 0.915395737 0.747110307
0.915445566 -0.031160157 -0.401233643 -1.428990483 0.019728521 0.999274015 -0.032592352 0.091120109 0.401957929 0.021920778 0.915395737 0.747110307
0.915445566 -0.031160157 -0.401233643 -1.428990483 0.019728521 0.999274015 -0.032592352 0.091120109 0.401957929 0.021920778 0.915395737 0.747110307
0.915445566 -0.031160157 -0.401233643 -1.428990483 0.019728521 0.999274015 -0.032592352 0.091120109 0.401957929 0.021920778 0.915395737 0.747110307
0.915445566 -0.031160157 -0.401233643 -1.428990483 0.019728521 0.999274015 -0.032592352 0.091120109 0.401957929 0.021920778 0.915395737 0.747110307
0.915445566 -0.031160157 -0.401233643 -1.428990483 0.019728521 0.999274015 -0.032592352 0.091120109 0.401957929 0.021920778 0.915395737 0.747110307
0.915445566 -0.031160157 -0.401233643 -1.428990483 0.019728521 0.999274015 -0.032592352 0.091120109 0.401957929 0.021920778 0.915395737 0.747110307
0.915445566 -0.031160157 -0.401233643 -1.428990483 0.019728521 0.999274015 -0.032592352 0.091120109 0.401957929 0.021920778 0.915395737 0.747110307
0.915445566 -0.031160157 -0.401233643 -1.428990483 0.019728521 0.999274015 -0.032592352 0.091120109 0.401957929 0.021920778 0.915395737 0.747110307
0.915445566 -0.031160157 -0.401233643 -1.428990483 0.019728521 0.999274015 -0.032592352 0.091120109 0.401957929 0.021920778 0.915395737 0.747110307
0.915445566 -0.031160157 -0.401233643 -1.428990483 0.019728521 0.999274015 -0.032592352 0.091120109 0.401957929 0.021920778 0.915395737 0.747110307
0.915445566 -0.031160157 -0.401233643 -1.428990483 0.019728521 0.999274015 -0.032592352 0.091120109 0.401957929 0.021920778 0.915395737 0.747110307
0.915445566 -0.031160157 -0.401233643 -1.428990483 0.019728521 0.999274015 -0.032592352 0.091120109 0.401957929 0.021920778 0.915395737 0.747110307
0.915445566 -0.031160157 -0.401233643 -1.428990483 0.019728521 0.999274015 -0.032592352 0.091120109 0.401957929 0.021920778 0.915395737 0.747110307
0.915445566 -0.031160157 -0.401233643 -1.428990483 0.019728521 0.999274015 -0.032592352 0.091120109 0.401957929 0.021920778 0.915395737 0.747110307
0.915445566 -0.031160157 -0.401233643 -1.428990483 0.019728521 0.999274015 -0.032592352 0.091120109 0.401957929 0.021920778 0.915395737 0.747110307
0.915445566 -0.031160157 -0.401233643 -1.428990483 0.019728521 0.999274015 -0.032592352 0.091120109 0.401957929 0.021920778 0.915395737 0.747110307
0.915445566 -0.031160157 -0.401233643 -1.428990483 0.019728521 0.999274015 -0.032592352 0.091120109 0.401957929 0.021920778 0.915395737 0.747110307
0.915445566 -0.031160157 -0.401233643 -1.428990483 0.019728521 0.999274015 -0.032592352 0.091120109 0.401957929 0.021920778 0.915395737 0.747110307
0.915445566 -0.031160157 -0.401233643 -1.428990483 0.019728521 0.999274015 -0.032592352 0.091120109 0.401957929 0.021920778 0.915395737 0.747110307
0.915445566 -0.031160157 -0.401233643 -1.428990483 0.019728521 0.999274015 -0.032592352 0.091120109 0.401957929 0.021920778 0.915395737 0.747110307
0.915445566 -0.031160157 -0.401233643 -1.428990483 0.019728521 0.999274015 -0.032592352 0.091120109 0.401957929 0.021920778 0.915395737 0.747110307
0.915445566 -0.031160157 -0.401233643 -1.428990483 0.019728521 0.999274015 -0.032592352 0.091120109 0.401957929 0.021920778 0.915395737 0.747110307
0.915445566 -0.031160157 -0.401233643 -1.428990483 0.019728521 0.999274015 -0.032592352 0.091120109 0.401957929 0.021920778 0.915395737 0.747110307
0.915445566 -0.031160157 -0.401233643 -1.428990483 0.019728521 0.999274015 -0.032592352 0.091120109 0.401957929 0.021920778 0.915395737 0.747110307
0.915445566 -0.031160157 -0.401233643 -1.428990483 0.019728521 0.999274015 -0.032592352 0.091120109 0.401957929 0.021920778 0.915395737 0.747110307
